0.25	0.3	0.207422	5.12463
0.1	0.175	0.221154	9.00301
No eigen: 0.1	0.2	24.6951
0.25	0.325	0.206515	29.2907
0.1	0.225	0.217624	4.07795
0.25	0.35	0.205688	9.22317
0.1	0.25	0.216101	7.18861
0.25	0.375	0.204933	13.4066
0.25	0.4	0.205478	5.65127
0.1	0.275	0.214715	10.2617
0.1	0.3	0.213452	5.1192
0.275	0.175	2.2051	13.8804
0.1	0.325	0.212297	6.2276
0.275	0.2	2.89525	11.3026
0.1	0.35	0.211242	5.50677
0.275	0.225	4.10382	8.94026
0.275	0.25	2.68697	5.51293
0.1	0.375	0.210275	10.5005
0.1	0.4	0.209389	6.09121
0.275	0.275	2.826	12.2259
0.125	0.175	0.219548	4.19304
0.275	0.3	3.95261	10.072
0.125	0.2	0.217777	5.55365
0.275	0.325	2.90257	10.9126
0.125	0.225	0.216174	5.46816
0.275	0.35	2.61629	8.94382
0.125	0.25	0.214718	5.3989
0.275	0.375	2.73838	11.437
0.125	0.275	0.213394	6.68949
0.275	0.4	2.71129	12.951
0.125	0.3	0.212186	5.25759
0.3	0.175	0.779727	7.00891
0.125	0.325	0.211084	4.40966
0.3	0.2	0.210347	9.32514
0.125	0.35	0.210075	4.68957
No eigen: 0.3	0.225	27.9347
0.125	0.375	0.209153	5.32041
No eigen: 0.3	0.25	28.2971
0.125	0.4	0.208307	5.16131
No eigen: 0.3	0.275	26.8299
0.15	0.175	0.218098	5.80925
No eigen: 0.3	0.3	24.9017
0.15	0.2	0.216401	7.22088
No eigen: 0.3	0.325	30.5756
0.15	0.225	0.214865	4.95187
0.3	0.35	0.20441	9.85762
0.15	0.25	0.21347	4.8777
0.3	0.375	0.204944	9.19612
0.15	0.275	0.212201	5.36986
0.3	0.4	2.11302	10.6077
0.15	0.3	0.211044	4.80432
0.325	0.175	2.73559	18.1229
0.15	0.325	0.209989	4.66202
0.325	0.2	2.80921	9.77492
0.15	0.35	0.209023	4.39882
0.325	0.225	3.92886	9.51682
0.15	0.375	0.20814	4.228
0.325	0.25	2.6186	7.37858
0.325	0.275	0.762589	3.12756
0.15	0.4	0.207332	7.48399
0.175	0.175	0.221973	4.00548
0.325	0.3	0.205416	11.771
0.175	0.2	0.215154	7.62748
No eigen: 0.325	0.325	30.9495
0.175	0.225	0.213678	4.60505
0.325	0.35	0.269976	9.93602
0.175	0.25	0.212339	5.36156
0.325	0.375	0.269089	11.3539
0.175	0.275	0.21112	4.79399
0.325	0.4	0.202537	9.90916
0.175	0.3	0.21001	4.72214
No eigen: 0.35	0.175	28.4611
0.175	0.325	0.208996	5.96335
0.35	0.2	0.208909	11.0341
0.175	0.35	0.20807	6.47619
0.35	0.225	0.207741	9.74606
No eigen: 0.35	0.25	24.4496
0.175	0.375	0.207223	29.1671
0.35	0.275	0.272243	7.34061
0.175	0.4	0.206448	11.5659
0.2	0.175	0.220778	5.85303
0.35	0.3	0.204845	13.2607
0.2	0.2	0.214018	6.24358
No eigen: 0.35	0.325	29.345
0.35	0.35	0.203321	5.03578
0.2	0.225	0.212598	8.76921
0.2	0.25	0.211309	4.54676
0.35	0.375	0.202657	8.2521
0.2	0.275	0.210136	6.00313
No eigen: 0.35	0.4	29.2295
0.2	0.3	0.209068	5.25801
0.375	0.175	0.209519	9.40359
0.2	0.325	0.208094	5.68868
No eigen: 0.375	0.2	28.8422
0.2	0.35	0.207204	4.63031
No eigen: 0.375	0.225	27.3122
0.2	0.375	0.20639	5.61695
No eigen: 0.375	0.25	28.563
0.2	0.4	0.205645	5.63638
0.375	0.275	0.271373	11.5661
0.225	0.175	0.214492	6.36998
0.375	0.3	0.204315	10.6098
0.225	0.2	0.21298	5.19652
0.375	0.325	0.20354	10.1191
0.225	0.225	0.211611	5.20437
0.375	0.35	0.202834	9.65507
0.375	0.375	0.20219	5.77117
0.225	0.25	0.210368	10.8973
0.225	0.275	0.209238	6.02344
0.375	0.4	0.201603	11.3457
0.225	0.3	0.208209	5.71383
No eigen: 0.4	0.175	29.72
0.225	0.325	0.20727	6.15164
0.4	0.2	0.274461	11.4599
0.225	0.35	0.206413	5.36804
0.4	0.225	0.273031	9.3724
0.4	0.25	0.271733	6.07939
0.225	0.375	0.205629	11.0969
0.4	0.275	0.270553	4.96063
0.225	0.4	0.209871	9.72785
0.25	0.175	0.213489	5.40329
0.4	0.3	0.203822	9.26283
0.25	0.2	0.212029	5.60419
No eigen: 0.4	0.325	30.4384
No eigen: 0.4	0.35	25.9801
0.25	0.225	0.210706	30.2287
0.25	0.25	0.209506	5.73682
No eigen: 0.4	0.375	30.8755
0.4	0.4	0.201185	8.02862
0.25	0.275	0.208415	12.9771
Smallest eig: 0.201185 - (0.4, 0.4)
Total time: 1150.72
